17.592000000000
9.130200000000
13.662000000000
11.854000000000
6.823300000000
11.886000000000
4.348300000000
12.000000000000
6.598700000000
3.816600000000
3.252200000000
15.505000000000
3.155100000000
7.225800000000
0.716180000000
3.512900000000
5.304800000000
0.560770000000
3.651800000000
5.389300000000
3.138600000000
21.767000000000
4.263000000000
5.187500000000
3.082500000000
22.638000000000
13.501000000000
7.046700000000
14.692000000000
24.147000000000
-1.220000000000
5.996600000000
12.134000000000
1.849500000000
6.542600000000
4.562300000000
4.116400000000
3.392800000000
10.117000000000
5.497400000000
0.556570000000
3.911500000000
5.385400000000
2.440600000000
6.731800000000
1.046300000000
5.133700000000
1.844000000000
8.004300000000
1.017900000000
6.750400000000
1.839600000000
4.288500000000
4.998100000000
1.423300000000
-1.421100000000
2.475600000000
4.604200000000
3.962400000000
5.414100000000
5.169400000000
-0.742790000000
17.929000000000
12.054000000000
17.054000000000
4.885200000000
5.744200000000
7.775400000000
1.017300000000
20.992000000000
6.679900000000
4.025900000000
1.278400000000
3.341100000000
-2.680700000000
0.296780000000
3.884500000000
5.701400000000
6.752600000000
2.057600000000
0.479530000000
0.204210000000
0.678610000000
7.543500000000
5.343600000000
4.241500000000
6.798100000000
0.926950000000
0.152000000000
2.821400000000
1.845100000000
4.295900000000
7.202900000000
1.986900000000
0.144540000000
9.055100000000
0.617050000000