248.11
134.72
264.51
179.83
90.83
287.72
123.01
242.33
142.42
79.52
261.43
228.61
275.02
114.22
164.61
280.01
277.11
253.63
234.61
134.61
70.93
330.01
161.22
129.92
201.32
175.93
75.42
249.51
293.71
189.43
204.21
212.33
273.51
254.23
188.43
209.92
175.21
279.02
222.22
148.62
177.52
138.81
46.82
274.32
71.72
173.11
200.43
162.11
192.11
163.11
60.92
253.31
287.13
275.73
102.13
192.13
105.22
209.91
132.62
103.23
128.23
246.32
66.31
67.51
242.03
264.83
252.11
83.72
115.32
277.21
207.33
126.21
286.72
263.43
316.83
163.63
230.13
142.41
173.53
64.52
206.32
260.02
91.11
261.32
201.72
252.41
289.92
104.12
324.11
64.31
173.41
90.63
251.82
296.22
104.42
232.02
301.42
132.82
249.33
102.72
229.53
266.11
244.62
261.73
254.23
189.13
280.51
189.33
194.13
96.83
107.62
200.23
110.71
212.21
140.21
109.92
70.43
106.13
293.81
176.53
171.91
122.32
224.53
273.02
293.33
127.02
239.51
216.53
254.91
234.02
326.51
153.03
77.71
57.91
254.81
154.61
205.41
154.21
225.71
153.73
160.81
255.83
112.11
260.03
299.42
59.41
226.11
272.83
257.22
178.53
207.31
165.12
165.03
110.03
190.43
260.43
96.22
254.22
92.33
235.41
120.52
129.92
136.81
58.21
244.83
163.53
190.52
210.73
259.23
147.91
263.73
145.73
217.51
107.53
255.63
184.91
135.93
86.22
109.23
102.31
149.02
295.43
268.11
195.52
158.03
180.53
171.13
167.13
284.61
264.63
156.41
185.51
52.22
269.71
176.41
258.42
202.63
62.21
264.41
164.21
196.22
238.62
99.61
150.03
292.92
244.91
184.01
178.73
144.83
163.53
98.83
289.12
146.81
187.03
146.43
278.83
80.93
100.02
89.51
293.11
219.21
185.93
169.32
267.62
108.61
183.13
105.93
125.53
228.23
211.93
224.61
316.62
138.03
83.51
95.22
117.03
212.02
118.21
108.33
216.53
207.31
109.71
221.92
215.13
288.92
101.41
240.33
177.51
179.11
237.21
80.92
301.81
236.32
109.63
262.11
290.43
181.52
174.71
191.62
167.02
139.12
184.23
266.41
146.83
99.83
103.01
206.02
258.82
252.22
87.13
144.21
78.92
96.11
272.53
260.11
194.23
228.13
294.71
214.93
123.63
315.03
103.52
174.43
217.72
88.32
310.11
81.01
99.43
193.33
267.02
96.23
112.41
173.22
195.33
142.12
154.91
131.41
241.22
281.71
67.82
150.51
269.41
124.81
281.33
151.11
116.71
274.82
203.33
139.22
198.92
253.61
95.73
279.82
59.81
262.12
118.33
80.22
130.81
293.13
64.22
247.42
241.82
261.72
259.23
283.23
236.63
168.03
122.73
254.42
221.52
249.92
104.22
182.13
137.11
187.01
169.23
108.71
273.21
102.43
153.52
97.81
242.61
140.22
87.82
153.81
277.03
156.42
247.02
145.63
163.03
272.91
200.93
118.92
51.41
216.72
139.81
238.92
132.91
313.32
165.31
231.52
276.61
144.81
243.11
278.61
192.61
77.01
99.61
174.73
103.63
264.63
216.13
199.01
96.21
188.23
234.23
234.12
114.12
215.33
289.62
237.83
219.71
237.71
245.63
168.21
69.72
153.42
152.21
212.91
267.02
207.33
156.43
230.71
110.61
252.93
226.11
122.13
205.01
107.71
230.12
61.11
129.93
205.93
270.32
112.62
279.92
177.21
188.02
288.11
251.11
193.72
207.61
175.13
295.83
243.93
104.63
150.23
301.13
66.43
94.72
241.11
130.02
305.61
118.93
253.42
263.02
287.22
95.91
58.32
272.21
261.41
84.43
162.72
280.42
203.33
317.11
223.41
235.41
243.91
80.81
205.92
266.21
196.62
214.51
229.52
228.41
104.32
198.52
210.81
162.53
143.22
72.43
243.51
260.21
272.02
139.72
36.72
296.11
134.13
128.32
84.51
129.11
142.93
277.92
217.83
171.13
274.62
223.43
253.81
113.21
152.32
67.31
112.42
260.81
241.11
92.61
244.62
126.01
158.51
99.81
140.72
76.01
254.51
261.42
256.01
311.51
277.42
45.73
61.03
248.72
268.22
74.62
308.92
166.83
140.63
293.23
167.12
132.01
235.63
276.91